1.8880000000000001
2.706
7.607
8.112
9.365
14.505
22.091
32.76
34.04
43.672000000000004
47.865
50.95
52.844
54.659
55.896
56.484
60.328
60.924
64.784
68.907
69.22200000000001
74.291
75.496
91.122
93.705
96.87
98.294
104.98400000000001
110.605
111.226
113.19
117.029
125.694
126.83500000000001
131.936
132.495
136.46
138.847
142.038
145.096
158.27100000000002
158.976
160.764
161.487
165.77700000000002
169.035
174.131
175.555
181.47400000000002
182.31900000000002
187.608
188.135
197.369
200.416
205.424
207.241
207.957
209.583
211.118
213.006
222.84
232.55100000000002
234.922
243.71800000000002
245.071
246.954
248.262
257.16
258.575
260.42900000000003
263.404
265.115
269.05400000000003
271.491
275.877
276.633
277.832
283.915
284.701
291.521
292.914
302.068
304.178
307.915
313.846
313.91700000000003
314.487
320.374
323.485
324.124
330.211
334.289
335.416
345.047
347.495
349.363
350.543
353.123
356.419
361.773
370.11
371.36400000000003
372.22
373.875
377.644
380.37600000000003
382.746
385.935
387.794
394.957
396.57
400.289
402.81100000000004
405.8
411.984
416.618
419.23
426.23900000000003
426.633
431.312
434.581
434.765
436.806
437.618
438.98900000000003
441.586
442.672
443.254
449.993
453.41200000000003
462.368
464.615
470.245
480.6
480.619
494.915
497.009
498.611
507.428
507.442
509.839
511.29900000000004
515.812
517.015
523.874
529.391
533.342
536.715
539.1
540.496
547.957
548.688
559.2330000000001
560.153
568.361
573.047
575.112
579.263
579.529
582.496
583.571
588.0790000000001
589.267
594.491
603.631
605.1320000000001
608.28
608.852
617.6850000000001
621.001
621.134
621.748
625.593
629.642
638.844
639.383
650.164
653.4540000000001
665.504
667.768
673.517
679.402
680.509
680.8530000000001
681.618
683.921
689.294
691.297
694.427
716.855
719.289
719.918
720.219
723.006
723.393
728.092
728.607
738.875
739.972
740.385
741.2860000000001
745.52
751.284
755.777
758.649
766.059
768.6080000000001
772.897
773.085
773.522
784.828
785.57
794.797
795.8770000000001
804.865
806.582
811.23
815.5740000000001
817.368
820.412
827.529
829.426
829.922
830.6270000000001
841.3530000000001
845.822
846.393
860.165
862.996
866.481
869.592
873.813
873.822
874.457
879.975
882.013
884.166
885.292
887.303
889.053
892.436
894.557
895.764
902.806
903.5550000000001
905.719
909.577
914.251
916.4830000000001
922.501
936.601
938.619
945.542
950.11
959.619
962.332
963.2420000000001
969.6940000000001
976.227
976.3050000000001
982.626
984.677
986.73
987.097
990.5260000000001
995.955
997.1460000000001
999.724
