3.927
3.97
3.979
4.105
4.114
4.548
4.596
4.648
4.704
7.3180000000000005
8.363
9.662
11.08
11.716000000000001
14.67
18.650000000000002
19.655
24.539
28.893
29.565
31.631
31.85
33.327
34.582
47.550000000000004
51.324
52.403
57.138
62.06
65.785
68.478
71.157
73.302
85.831
88.167
90.67
91.5
94.498
97.60600000000001
98.861
101.833
102.239
109.298
113.72
114.105
119.617
125.221
125.48100000000001
129.79500000000002
131.296
131.57
133.648
137.343
140.758
143.269
152.841
159.659
160.008
162.516
170.53
172.17600000000002
173.058
178.269
178.611
179.867
181.185
183.866
186.576
189.12
191.858
193.91
194.75300000000001
207.571
211.998
213.85
218.435
220.511
223.743
225.187
228.311
233.55
244.213
246.049
246.852
253.192
266.004
266.742
270.865
272.496
279.85
304.514
306.837
309.575
315.838
320.661
323.026
323.803
325.30400000000003
326.914
335.709
336.166
336.958
337.798
344.112
345.379
352.652
354.188
359.384
362.576
369.692
370.322
373.88800000000003
381.569
383.276
384.547
387.332
388.25600000000003
393.783
401.538
405.101
406.31
415.092
415.772
423.306
433.50600000000003
435.207
442.326
443.37600000000003
446.128
448.384
448.825
449.909
450.943
452.608
460.008
478.806
479.619
485.47700000000003
488.415
507.07800000000003
507.51
512.556
513.089
517.157
525.673
526.313
535.3580000000001
543.491
544.9780000000001
552.268
554.44
554.625
558.972
566.5840000000001
570.134
570.556
572.6080000000001
582.686
582.968
585.41
590.3870000000001
607.988
609.504
616.813
620.789
622.091
626.846
627.075
631.247
632.317
632.941
636.096
656.59
657.229
663.505
663.932
666.8480000000001
669.585
676.735
678.85
681.751
685.027
686.7570000000001
710.203
710.426
713.766
719.058
722.599
726.1320000000001
728.873
729.506
731.356
736.985
738.669
745.2280000000001
747.042
749.818
753.405
753.766
757.568
758.793
765.264
775.208
778.117
778.322
779.357
783.659
785.1460000000001
787.964
793.566
798.794
799.59
800.485
803.194
812.635
813.466
817.21
822.087
830.2040000000001
833.792
833.998
839.059
840.361
841.999
846.354
847.6220000000001
848.025
849.715
854.076
855.166
856.549
859.763
862.758
864.788
866.625
870.219
875.02
875.619
877.971
885.95
888.447
893.471
893.681
894.5550000000001
899.74
901.2710000000001
905.141
915.8870000000001
916.338
920.731
922.835
926.779
937.479
945.652
951.314
953.327
953.567
955.65
957.782
960.318
964.04
967.4350000000001
972.6
973.5020000000001
979.5120000000001
984.787
985.195
989.356
989.8050000000001
993.813
995.464
997.822
999.044
