1.6600000000000001
3.125
3.606
3.879
4.187
4.21
4.218
4.47
4.496
4.587
4.829
5.477
6.402
9.844
10.792
12.205
16.383
19.146
20.569
21.11
25.173000000000002
27.027
31.811
36.37
37.377
41.736000000000004
44.65
47.766
49.368
55.926
57.67
58.4
59.025
66.875
68.872
76.369
87.473
93.562
101.575
105.96000000000001
117.176
120.071
127.57300000000001
128.199
131.94400000000002
137.031
137.97
139.504
140.411
144.854
151.526
153.891
168.139
173.723
175.633
180.912
181.51
185.339
186.606
192.361
202.305
206.354
208.327
212.31
214.08
217.754
220.859
223.018
226.08700000000002
229.85500000000002
230.897
235.02100000000002
239.425
242.762
247.59300000000002
249.705
254.856
255.796
256.908
258.701
271.835
275.483
277.145
280.452
281.994
286.835
291.853
292.22700000000003
294.947
297.047
297.27500000000003
299.122
303.774
306.684
310.681
314.159
317.331
318.324
319.456
322.834
323.694
327.029
329.502
330.457
333.936
339.353
343.088
348.636
348.79200000000003
350.062
351.249
353.805
359.019
359.826
360.342
369.457
370.682
372.088
372.324
382.391
382.907
388.581
396.875
400.454
405.68600000000004
409.041
410.336
417.242
421.935
423.265
426.955
432.848
432.98
436.38100000000003
438.706
441.139
446.218
448.66700000000003
449.93
451.116
462.171
463.05
467.53000000000003
469.44
476.607
483.127
487.345
490.233
496.40500000000003
501.434
502.914
504.202
508.605
510.458
511.324
514.774
516.822
521.138
521.7570000000001
522.439
525.856
530.32
531.023
533.79
534.623
543.5840000000001
544.6370000000001
545.591
547.956
549.545
551.058
553.876
555.769
556.6370000000001
560.131
573.693
575.821
579.582
581.8100000000001
592.163
595.872
596.0310000000001
597.94
599.339
600.41
603.238
603.898
619.485
623.327
625.924
631.426
631.998
632.695
636.826
637.703
649.309
651.975
654.318
657.894
660.393
673.076
673.318
678.293
680.112
682.104
684.4830000000001
693.881
693.984
695.214
702.399
703.113
705.673
710.655
711.719
715.0070000000001
716.836
717.751
718.533
732.093
735.78
738.014
741.775
742.768
745.422
750.249
753.932
756.72
764.589
767.955
769.316
771.591
775.251
775.285
775.6610000000001
779.77
782.266
784.475
785.2760000000001
789.835
791.963
795.351
796.131
799.5
800.778
803.114
803.987
805.229
807.8480000000001
809.2330000000001
811.992
817.193
819.188
821.265
822.267
823.679
829.144
830.019
833.532
834.265
844.76
883.176
888.123
889.658
891.291
894.785
896.187
896.6560000000001
902.643
904.963
907.126
913.235
913.5930000000001
913.941
919.629
923.974
926.12
934.6220000000001
935.674
936.172
942.916
947.899
949.36
950.813
954.1940000000001
955.469
956.633
958.8000000000001
962.027
963.097
964.7660000000001
973.9680000000001
977.6460000000001
978.811
982.618
985.267
991.259
996.265
998.693
999.265
