1.101
1.188
1.458
1.7670000000000001
1.992
2.32
2.388
2.656
3.17
3.298
3.442
3.633
3.69
3.861
3.879
3.8930000000000002
3.908
4.104
4.572
4.763
4.788
4.859
5.04
5.444
5.4510000000000005
6.122
6.172
6.364
8.395
9.77
9.866
9.916
11.898
12.226
12.452
12.671000000000001
13.144
13.488
14.202
14.969000000000001
18.398
18.41
18.51
20.029
20.497
20.514
21.07
22.308
22.580000000000002
22.824
25.044
25.583000000000002
25.947
26.201
26.824
26.841
27.253
27.738
30.299
31.325
31.601
31.818
32.575
33.9
34.358000000000004
34.730000000000004
35.19
35.624
36.818
38.617
38.627
39.021
40.603
41.02
41.135
42.833
43.139
43.508
43.568
43.906
45.183
45.554
46.144
46.725
47.206
47.486000000000004
47.863
48.077
49.743
50.778
51.102000000000004
51.21
51.88
52.164
52.300000000000004
52.59
52.736000000000004
54.356
54.561
54.628
54.985
55.803000000000004
56.14
56.472
56.822
57.160000000000004
57.848
58.087
58.496
59.024
59.877
60.357
60.392
60.423
63.27
63.463
63.836
64.077
65.458
65.782
66.153
66.22200000000001
66.726
67.141
67.196
67.541
68.706
69.12
69.867
70.297
71.973
72.059
72.224
72.578
73.032
73.21600000000001
73.572
73.607
80.053
80.458
80.776
81.613
81.712
82.45700000000001
82.542
82.996
83.334
83.737
85.909
87.058
87.569
87.60300000000001
87.785
89.22800000000001
89.651
89.657
90.275
90.428
91.796
92.166
93.465
93.77
94.382
94.425
98.271
98.42
98.589
99.328
99.645
100.91
101.694
102.143
102.611
103.54
103.965
104.773
105.129
105.57900000000001
106.045
106.401
106.752
107.551
108.123
108.812
109.318
110.63
110.906
111.345
111.426
111.73
111.941
112.041
113.88
114.12400000000001
114.39
114.747
115.208
115.315
115.681
116.10000000000001
116.498
117.32000000000001
117.393
117.73100000000001
118.039
118.147
118.983
119.039
121.523
123.075
123.395
124.418
124.933
124.97
125.373
125.376
125.75
126.206
126.279
127.214
128.095
129.086
129.409
129.816
130.282
132.42600000000002
132.435
132.441
133.381
134.034
134.373
135.068
135.621
135.79500000000002
136.77
136.89000000000001
137.288
137.80700000000002
138.758
139.087
139.104
139.594
140.167
140.794
140.81
140.966
141.367
142.087
142.605
142.656
142.821
143.029
143.309
143.674
144.579
144.661
146.037
146.284
146.923
147.73
147.76500000000001
148.641
150.187
150.711
150.865
152.098
154.854
155.196
155.93200000000002
155.947
156.228
156.333
156.733
157.201
159.28300000000002
159.298
161.248
162.02100000000002
162.505
162.822
163.738
163.997
164.477
164.965
165.228
165.474
165.566
166.805
167.094
167.238
167.53
168.346
168.722
169.55
171.483
171.887
173.131
173.768
173.879
175.201
175.931
175.978
176.20000000000002
177.184
177.53
178.243
179.41
180.02
180.173
180.90200000000002
181.22
182.171
184.58100000000002
185.133
185.262
185.905
186.491
187.59300000000002
187.627
187.636
189.425
190.264
190.422
190.617
191.055
191.223
192.496
193.144
193.811
193.996
195.22
195.555
196.029
196.127
196.326
196.785
196.997
197.318
198.034
198.423
199.20000000000002
199.508
199.702
199.95600000000002
201.768
201.83700000000002
202.226
202.353
203.364
203.59300000000002
205.836
206.872
207.017
207.311
207.609
207.755
208.198
209.072
209.449
209.505
209.558
209.585
211.095
211.504
211.574
212.65
213.19400000000002
215.616
215.622
217.893
218.135
218.266
218.398
219.591
220.32
220.788
220.797
222.004
222.479
222.931
222.93800000000002
224.778
226.76500000000001
226.872
227.143
227.978
229.518
230.091
230.419
231.07500000000002
231.437
231.625
231.83700000000002
232.606
233.39000000000001
233.68200000000002
233.978
234.121
235.451
235.84900000000002
236.203
237.403
238.77700000000002
239.25400000000002
239.553
239.604
240.00400000000002
241.572
242.228
242.26
243.43800000000002
243.695
243.90200000000002
243.921
245.809
246.247
246.473
246.761
249.04
249.252
250.933
250.948
251.17000000000002
251.62300000000002
252.643
253.066
253.32
254.345
255.469
255.506
255.963
256.72
256.721
257.467
257.646
258.153
258.983
259.337
259.981
260.344
260.589
260.681
261.858
262.233
262.486
262.665
262.76800000000003
263.148
264.277
265.003
266.872
267.139
267.594
267.772
268.389
272.615
273.425
273.532
274.433
276.137
276.145
276.389
276.498
277.306
277.439
278.074
278.672
279.80400000000003
280.257
280.336
283.026
283.749
284.027
284.319
284.499
285.2
285.327
285.585
286.51300000000003
286.993
288.048
290.747
290.78000000000003
290.799
291.232
291.282
291.596
292.07
292.762
293.315
294.39
294.806
295.133
295.34000000000003
296.98900000000003
297.367
297.656
298.043
298.42
298.488
298.541
299.211
299.398
299.511
299.835
300.137
300.228
300.462
300.618
301.959
302.171
302.484
303.632
303.688
304.384
304.40000000000003
304.857
306.588
306.947
306.975
307.073
307.39
307.598
311.51800000000003
311.962
312.039
312.315
313.208
313.234
313.732
313.79
314.175
315.223
315.906
317.932
318.218
318.64300000000003
318.942
319.069
319.219
319.976
321.66200000000003
322.029
322.511
323.083
324.363
324.878
325.458
325.496
325.902
327.169
327.289
327.571
329.141
330.185
330.452
331.71500000000003
331.993
332.536
332.927
332.99
333.312
333.399
334.196
334.539
334.75600000000003
334.911
335.087
337.65000000000003
337.871
338.116
338.423
338.862
338.909
339.309
341.165
341.619
342.15000000000003
342.318
343.045
343.969
346.341
346.672
347.087
347.432
347.683
348.894
351.897
352.039
352.124
352.701
353.532
356.099
356.363
356.487
357.27
357.678
358.889
359.432
359.622
360.988
361.133
361.184
361.414
361.621
361.908
362.135
362.349
362.67400000000004
363.794
364.71500000000003
365.553
366.55
367.459
368.06100000000004
368.303
369.136
369.666
369.71
370.654
371.035
371.237
371.357
371.64300000000003
372.161
373.029
373.197
373.47700000000003
373.627
373.746
373.815
374.285
374.452
375.625
376.052
376.814
377.208
377.624
378.279
379.48900000000003
380.44100000000003
380.779
381.659
381.97700000000003
382.371
382.952
384.265
384.796
384.93600000000004
384.973
385.398
385.556
385.759
386.98
387.38100000000003
387.933
387.956
389.147
389.357
390.49
390.914
391.043
391.957
392.788
393.12
393.14300000000003
393.382
394.264
394.69
395.017
395.414
396.07800000000003
397.524
397.992
398.248
398.30400000000003
398.47
399.22
399.629
399.736
399.772
401.637
401.982
402.169
403.56100000000004
403.587
404.43600000000004
405.332
406.199
408.809
408.839
409.395
409.534
411.41200000000003
411.794
412.224
412.248
415.224
415.432
416.802
417.592
417.645
417.99
419.371
419.69
419.911
419.999
420.451
420.935
421.072
421.269
421.479
422.094
422.183
422.766
424.372
424.66
425.173
426.06
426.232
426.714
427.759
428.015
428.41200000000003
428.624
430.052
430.502
430.568
430.644
431.02
431.514
431.939
432.31
433.0
433.39
434.354
434.73
436.062
438.241
438.41700000000003
438.497
439.654
440.035
440.568
441.395
442.011
442.257
442.824
443.242
443.68600000000004
445.64
447.089
447.69800000000004
447.846
448.229
450.154
450.229
450.26800000000003
451.942
452.295
452.709
453.455
453.88
453.993
456.217
456.60200000000003
457.253
457.844
458.345
458.579
459.046
459.488
459.615
460.607
461.134
461.57
461.682
461.94
462.824
463.366
464.469
465.024
465.092
465.309
465.458
465.681
465.86
467.082
467.84700000000004
468.372
470.434
470.81100000000004
471.32800000000003
471.6
472.289
472.498
472.507
473.327
473.728
474.119
474.369
474.717
474.918
475.51300000000003
476.211
476.282
476.57
476.688
479.582
480.13800000000003
480.432
482.286
482.818
484.06600000000003
484.242
484.541
484.80400000000003
486.004
486.428
486.63100000000003
487.021
487.516
487.616
487.88
488.093
489.108
489.243
490.107
490.177
490.454
490.817
491.834
492.832
493.009
493.521
493.81600000000003
495.64
495.74600000000004
496.802
496.97200000000004
497.563
498.389
498.807
498.809
499.103
499.62100000000004
499.897
500.03000000000003
500.354
500.434
503.408
503.50800000000004
503.60900000000004
504.82300000000004
506.974
507.22200000000004
507.23
507.408
507.94800000000004
508.072
508.681
509.03700000000003
509.879
509.907
510.169
511.27500000000003
511.577
512.631
513.117
513.21
513.545
513.5840000000001
514.0790000000001
515.361
516.1800000000001
516.764
517.053
517.203
517.8050000000001
518.48
519.504
519.9
520.073
523.601
523.9300000000001
524.153
524.41
524.462
524.9830000000001
525.623
526.788
527.327
527.384
527.85
527.912
528.28
528.428
528.654
529.129
529.699
530.25
530.665
531.679
531.972
532.995
534.166
534.42
534.747
534.879
535.832
536.162
537.4830000000001
537.686
538.241
538.58
539.183
542.179
542.242
542.3820000000001
544.041
544.089
544.098
544.617
546.2520000000001
546.361
546.612
546.731
549.155
549.206
549.648
551.491
552.059
552.642
553.287
553.684
554.487
554.898
555.049
555.658
557.1270000000001
557.413
557.802
558.744
558.839
558.936
559.328
559.5360000000001
560.064
560.383
561.753
562.509
563.068
563.192
563.275
563.819
564.681
564.953
565.037
565.373
565.456
568.476
569.159
569.798
570.039
572.2860000000001
572.491
572.692
572.985
573.415
574.147
574.619
574.719
576.351
576.515
578.109
578.859
578.917
579.462
580.158
580.166
580.4590000000001
580.676
580.957
581.042
581.462
582.04
582.292
582.614
583.678
584.41
584.958
586.049
586.082
586.202
587.299
588.117
588.182
589.414
589.434
589.722
591.163
592.429
592.827
594.07
594.467
595.566
595.643
595.812
597.868
598.187
599.086
599.723
600.0260000000001
600.143
601.484
601.6610000000001
601.854
603.144
603.398
603.973
604.04
604.58
605.698
606.255
607.273
607.482
608.102
608.539
609.107
610.339
610.933
612.331
612.505
616.844
616.962
617.368
618.123
618.534
618.818
619.096
619.131
619.643
620.312
620.32
620.4110000000001
620.76
621.058
621.114
622.863
623.3340000000001
624.225
625.418
627.0020000000001
627.287
627.5360000000001
629.028
630.008
630.359
630.599
630.78
630.9250000000001
633.347
633.71
635.516
635.793
636.129
636.439
636.607
636.791
636.977
637.476
637.604
638.16
638.712
638.721
639.282
640.4540000000001
640.884
641.332
641.576
642.115
642.452
643.017
643.147
643.736
643.765
644.316
644.394
645.351
645.482
646.081
646.0840000000001
646.556
647.668
647.8530000000001
648.0840000000001
648.274
648.586
649.225
650.027
650.123
650.498
651.5070000000001
651.9060000000001
652.602
653.758
654.112
654.171
654.557
654.705
655.071
655.293
656.532
656.83
656.876
657.241
657.865
659.248
659.445
659.706
660.537
660.554
663.16
663.519
663.52
663.842
664.112
664.225
664.705
664.813
665.2570000000001
665.528
665.655
665.943
666.573
666.5980000000001
666.653
667.357
667.586
670.3050000000001
671.003
671.198
671.433
671.4540000000001
672.019
672.655
672.721
674.999
675.259
675.561
676.317
676.522
676.588
676.7280000000001
678.398
678.884
680.376
680.731
681.0070000000001
683.589
684.077
684.457
685.7
685.772
686.117
686.604
686.816
687.867
688.294
689.4110000000001
689.515
690.227
690.408
690.798
690.807
691.1610000000001
691.238
691.738
692.489
692.755
693.181
693.235
693.739
694.424
694.642
695.071
695.216
695.889
696.667
697.101
697.524
697.827
698.665
699.069
699.091
699.6080000000001
701.647
701.969
702.567
703.006
703.309
703.75
705.3870000000001
706.644
707.34
707.791
707.791
708.295
708.408
710.226
710.787
711.129
711.354
711.521
711.597
713.0
713.3340000000001
713.698
713.847
714.272
715.018
715.153
715.45
715.749
716.2570000000001
716.509
716.991
717.815
718.0840000000001
719.1750000000001
721.389
721.46
721.626
721.926
722.8340000000001
722.94
723.124
723.684
724.3100000000001
724.9
724.941
725.112
725.481
725.5360000000001
727.381
729.71
729.963
730.296
730.352
730.638
730.985
731.832
732.154
732.227
732.356
732.528
732.5980000000001
732.828
732.92
733.188
734.4540000000001
735.171
736.399
736.798
737.077
737.753
737.8100000000001
738.614
738.621
738.912
739.2520000000001
739.698
739.825
741.766
742.149
742.641
743.131
743.41
744.086
744.5120000000001
744.724
745.19
745.6610000000001
746.064
748.444
748.631
748.8290000000001
749.188
749.201
749.596
749.851
750.426
751.392
751.52
752.793
754.003
755.486
755.587
756.1560000000001
757.366
757.788
758.22
758.385
758.5980000000001
758.989
759.384
759.855
760.384
760.707
760.99
761.524
762.244
762.798
763.559
764.086
764.463
764.9250000000001
765.75
766.447
766.917
767.072
768.779
768.863
769.022
769.162
771.607
772.023
772.3530000000001
772.506
773.195
773.238
773.731
774.475
775.643
776.573
777.326
777.8100000000001
778.69
779.376
779.4300000000001
781.025
781.038
783.196
784.919
785.347
785.791
785.961
786.2520000000001
788.221
788.602
788.617
788.75
789.871
790.812
790.833
791.429
791.515
791.861
793.8240000000001
794.226
794.624
795.893
796.267
796.597
797.837
799.527
799.6320000000001
800.595
801.051
801.362
801.862
801.8820000000001
802.362
802.57
802.599
803.222
803.361
803.88
804.367
805.7860000000001
805.96
806.241
806.72
807.165
807.26
807.64
808.453
809.399
809.448
809.588
810.455
812.255
812.327
812.614
812.649
812.727
813.296
813.7620000000001
813.945
814.2470000000001
814.4590000000001
814.654
814.874
815.476
815.737
815.8480000000001
816.166
817.196
821.823
822.808
823.111
823.3530000000001
823.885
824.017
824.301
824.448
825.89
825.921
826.115
826.423
826.793
827.001
827.654
827.9060000000001
829.089
829.287
829.873
830.479
830.91
831.124
831.3870000000001
832.638
833.142
833.311
833.593
834.169
834.828
836.759
837.063
837.138
837.6460000000001
837.748
838.042
838.369
838.434
838.7330000000001
841.023
841.46
841.533
841.549
841.912
842.354
842.8870000000001
843.179
844.046
845.04
845.283
845.879
846.041
846.458
846.897
847.3580000000001
847.936
848.306
848.761
848.818
848.951
849.1320000000001
849.912
850.0600000000001
850.751
851.117
851.548
852.157
852.298
852.7950000000001
853.1610000000001
853.5210000000001
853.803
853.97
854.868
856.851
857.302
857.413
857.665
859.226
859.594
859.818
860.299
861.543
861.967
862.179
862.215
862.436
862.798
863.1220000000001
863.345
863.698
864.376
865.126
865.506
865.746
868.273
868.405
868.736
869.034
871.441
871.703
871.91
872.232
872.3000000000001
872.845
873.298
873.4010000000001
874.2280000000001
874.559
874.6940000000001
876.147
876.57
880.412
880.452
881.4830000000001
882.044
882.856
882.8960000000001
883.427
883.763
884.172
884.525
884.638
884.995
885.258
885.53
887.676
888.284
891.261
891.3430000000001
891.888
892.017
892.937
893.476
893.698
894.331
894.635
894.777
895.33
895.798
896.2760000000001
896.477
898.571
901.931
902.328
902.658
902.791
903.1170000000001
903.5790000000001
904.03
904.727
905.562
905.861
906.751
907.202
907.517
907.609
908.202
908.476
908.664
908.9350000000001
910.994
911.623
911.653
912.311
912.814
913.219
913.5120000000001
913.638
916.164
916.791
917.225
917.321
917.849
918.905
919.018
919.29
919.939
920.7570000000001
922.291
922.3190000000001
922.671
922.722
923.148
924.023
924.072
924.261
924.695
926.168
926.197
926.8000000000001
929.817
930.369
930.761
931.253
931.939
932.455
933.037
934.269
934.683
935.245
935.301
935.802
935.806
936.316
936.434
937.066
937.871
937.899
938.076
938.565
938.7620000000001
938.8530000000001
939.019
939.21
939.806
940.429
940.5
941.128
941.505
942.525
942.981
944.287
944.9200000000001
944.922
945.2420000000001
945.336
945.62
946.309
946.778
947.168
947.254
947.597
948.268
948.471
951.4490000000001
951.9490000000001
951.955
952.278
952.3820000000001
953.408
953.7860000000001
953.831
954.668
954.735
954.812
955.134
955.248
955.6370000000001
956.277
956.578
956.6410000000001
956.862
957.6700000000001
957.836
958.739
958.903
958.915
959.303
959.3670000000001
959.878
960.549
960.895
961.4680000000001
961.678
961.767
963.6940000000001
964.7180000000001
964.828
964.958
965.196
965.4200000000001
965.961
966.517
966.711
967.152
967.284
967.556
968.006
970.4350000000001
970.7230000000001
971.114
971.349
972.1320000000001
972.448
973.51
973.5790000000001
976.8530000000001
977.379
977.765
978.979
979.289
979.566
983.086
983.1030000000001
983.466
983.751
984.019
985.3240000000001
985.591
985.679
986.037
986.043
987.846
988.296
989.3290000000001
992.243
992.359
992.713
993.6650000000001
994.588
995.014
995.302
995.5400000000001
995.994
996.229
996.859
997.332
998.623
998.921
999.042
