3.218
3.521
5.4830000000000005
6.742
7.4830000000000005
18.19
19.925
28.642
35.522
36.592
40.245
41.908
46.352000000000004
47.857
56.324
56.872
61.545
62.143
71.45100000000001
72.617
75.284
77.555
82.209
82.877
90.134
95.07600000000001
99.176
107.751
117.85600000000001
120.3
127.882
134.145
138.199
142.258
144.177
149.406
152.22
157.043
158.869
163.51
169.67000000000002
173.366
188.381
190.548
193.385
194.518
195.016
209.692
210.077
216.80100000000002
217.33
218.888
220.393
222.177
222.505
225.833
227.405
230.067
233.528
248.473
248.85500000000002
251.287
255.83100000000002
258.067
258.805
262.609
263.303
269.135
273.773
278.745
285.67
286.258
287.962
293.277
293.3
295.385
297.769
309.54200000000003
312.60200000000003
316.563
319.29900000000004
321.743
325.908
326.46
330.338
336.201
342.796
348.189
349.396
349.868
352.897
361.875
363.045
363.445
369.39300000000003
377.999
381.29200000000003
381.781
384.382
386.952
392.452
393.236
398.116
405.72
408.055
411.71000000000004
413.515
418.351
423.112
425.224
425.76800000000003
433.801
434.482
436.235
441.3
444.28700000000003
452.026
454.67
456.471
460.156
462.25600000000003
462.442
468.654
475.297
481.81600000000003
482.846
483.735
487.661
494.241
498.697
500.54
504.563
514.9
518.447
519.886
520.473
523.681
525.014
525.602
537.516
545.182
566.409
574.144
578.4540000000001
578.898
583.081
583.703
591.071
591.553
594.253
598.265
602.731
603.408
608.467
610.096
614.181
615.412
619.288
624.506
642.821
644.0260000000001
651.729
654.72
668.967
677.602
689.517
714.97
723.587
732.135
732.136
740.477
750.1320000000001
752.393
761.863
763.273
766.794
783.485
787.756
789.845
790.833
798.61
799.178
805.0790000000001
805.3530000000001
809.393
816.8820000000001
819.678
824.3770000000001
827.317
830.136
830.768
835.967
840.285
847.8000000000001
859.409
866.996
867.8820000000001
869.765
877.224
878.269
883.851
891.5120000000001
893.361
898.297
900.962
904.5310000000001
910.16
910.212
913.552
915.679
921.708
934.693
940.933
942.246
943.345
948.5020000000001
949.005
950.308
953.862
955.197
956.304
962.136
963.9200000000001
977.299
986.4150000000001
988.884
990.63
994.325
996.612
