2.948
3.727
4.739
4.962
5.139
5.162
5.304
5.539
7.486
9.272
11.005
15.824
16.197
16.805
18.322
23.459
24.608
25.127
29.303
31.567
36.134
40.342
47.365
51.109
51.393
56.496
57.825
61.051
65.71900000000001
69.81700000000001
72.766
75.696
82.072
86.697
89.735
91.354
97.539
100.173
103.504
106.745
110.048
114.537
116.47
122.315
126.592
129.339
140.439
143.785
146.58
154.629
157.274
159.511
161.815
168.451
169.168
171.748
172.643
180.589
182.725
184.17600000000002
189.796
195.877
198.106
199.761
204.072
205.024
211.072
212.15
213.231
222.809
225.306
232.30100000000002
233.046
234.729
238.179
240.834
244.029
245.109
245.697
251.727
252.70600000000002
255.832
261.62600000000003
262.169
263.18
265.855
268.14300000000003
273.492
280.40000000000003
283.575
286.118
288.286
288.711
298.741
299.149
304.839
304.942
306.17
311.945
313.53700000000003
314.112
315.413
316.346
320.845
322.51800000000003
322.907
327.16200000000003
327.629
332.208
333.936
335.897
339.198
341.362
341.752
344.809
350.242
351.103
355.324
358.228
359.721
364.738
365.82300000000004
368.69100000000003
374.918
376.636
377.32300000000004
388.978
392.658
394.154
396.26
396.837
398.471
403.106
404.166
409.651
418.992
419.535
425.831
432.966
436.043
437.336
441.842
443.133
450.044
452.622
455.117
457.345
461.896
466.169
472.31600000000003
477.801
482.117
482.70300000000003
485.53700000000003
490.033
492.975
494.606
496.23900000000003
500.113
501.432
507.767
509.267
514.2860000000001
515.612
518.854
524.361
529.069
530.241
532.713
534.111
536.663
537.817
540.318
544.4350000000001
544.443
547.793
548.753
555.519
557.0020000000001
565.081
566.078
567.475
568.054
569.97
570.732
580.782
590.23
592.319
594.12
594.7040000000001
596.668
602.644
605.592
612.3770000000001
613.815
615.111
619.9780000000001
621.022
627.015
629.7090000000001
641.243
642.924
653.878
655.119
659.868
662.309
664.817
665.73
665.9110000000001
671.011
671.591
676.545
679.758
680.284
681.3290000000001
685.652
686.2760000000001
690.342
695.529
699.194
708.678
724.063
731.039
731.309
734.174
741.2470000000001
742.576
756.187
758.505
764.373
765.068
767.316
772.658
773.37
775.369
780.451
780.9540000000001
783.333
786.5550000000001
787.548
792.939
793.87
798.0260000000001
798.803
803.285
803.73
806.538
813.373
813.442
815.992
816.787
820.293
821.488
822.189
822.586
831.837
833.361
836.612
837.087
838.48
843.232
844.091
846.439
851.157
858.2760000000001
859.442
860.8430000000001
862.719
866.35
870.374
877.2520000000001
879.585
880.951
881.689
887.631
894.755
899.519
905.5310000000001
908.9970000000001
910.979
915.9680000000001
916.335
918.681
927.258
928.227
931.2330000000001
934.0450000000001
934.734
938.1990000000001
950.562
952.905
953.737
956.687
959.086
964.152
964.839
968.568
969.1990000000001
970.538
975.626
977.101
980.167
983.169
993.6460000000001
994.4060000000001
997.287
