4.5280000000000005
6.0040000000000004
12.459
12.838000000000001
14.845
19.597
28.266000000000002
42.101
46.751
69.611
78.552
81.133
85.57600000000001
95.627
98.909
101.306
103.033
103.936
104.308
106.435
108.33
108.815
110.34100000000001
113.709
123.805
125.555
125.923
133.717
134.221
145.4
162.00300000000001
163.349
164.51
165.496
177.32
186.629
192.011
196.818
198.666
202.463
214.999
216.505
225.552
233.233
237.403
240.404
241.39000000000001
244.179
248.186
249.526
255.84300000000002
256.61400000000003
258.088
260.386
263.129
269.182
269.795
276.19100000000003
282.009
291.76
295.559
295.812
298.439
303.005
304.462
307.111
309.291
311.395
316.065
325.351
326.012
328.992
337.781
342.814
348.327
357.645
361.03000000000003
364.176
367.082
367.55400000000003
381.25
381.749
388.651
390.569
391.562
392.312
396.476
402.67900000000003
404.243
409.904
413.445
415.851
416.58500000000004
420.11400000000003
427.38800000000003
430.288
439.074
439.104
440.197
443.079
446.568
474.517
475.762
481.163
481.567
498.512
502.168
509.459
514.243
518.497
519.754
521.659
525.375
525.6560000000001
543.635
547.136
553.184
553.8050000000001
556.052
558.561
558.82
563.628
564.846
579.682
596.438
600.025
606.831
607.831
610.321
613.36
619.895
622.77
626.182
626.665
627.19
630.427
642.812
646.4110000000001
651.693
654.599
655.368
658.214
659.068
662.1370000000001
670.905
671.048
673.8050000000001
692.7810000000001
693.1560000000001
695.056
698.946
705.3580000000001
709.765
711.118
716.432
716.553
717.551
727.628
728.968
737.288
737.65
742.1850000000001
759.008
760.3720000000001
769.431
771.226
775.999
780.251
785.402
789.052
792.937
795.343
796.4730000000001
808.167
809.015
819.594
823.463
830.648
848.089
848.7860000000001
853.379
855.12
855.7570000000001
863.458
864.1030000000001
864.575
875.1220000000001
885.563
896.493
897.088
898.7570000000001
902.9
903.89
911.83
914.3480000000001
925.505
927.006
946.996
947.89
