1.676
2.82
3.076
3.202
3.473
3.81
3.858
3.874
3.9650000000000003
4.026
4.291
4.703
4.752
4.92
5.759
6.228
6.237
11.299
11.586
13.157
14.689
15.133000000000001
16.726
18.586000000000002
18.965
19.273
25.196
26.301000000000002
27.107
28.219
28.779
30.493000000000002
31.01
31.465
33.668
39.897
41.093
43.402
43.632
44.301
47.396
49.692
49.905
52.704
52.808
53.445
54.09
57.038000000000004
57.701
59.714
61.114000000000004
62.564
64.13
64.542
67.492
68.659
70.316
71.614
73.675
77.943
78.497
79.175
80.619
81.19200000000001
82.018
84.218
84.346
85.292
85.435
86.428
91.155
95.892
96.348
99.795
100.312
100.654
101.782
102.272
103.544
106.52
107.132
112.092
113.83200000000001
114.35900000000001
119.48400000000001
120.316
124.355
124.613
126.84
130.275
130.729
131.827
136.086
136.369
140.549
141.267
141.965
141.989
142.418
143.73
144.315
146.975
147.44400000000002
151.122
152.012
152.848
152.97
155.046
156.113
156.933
159.921
161.621
162.665
165.143
167.099
167.117
168.092
168.886
169.748
170.394
171.573
171.821
173.674
175.122
175.562
177.5
179.631
181.662
182.70600000000002
183.06900000000002
185.22400000000002
186.524
187.552
188.167
196.156
198.96800000000002
199.554
199.874
200.26
203.584
206.15
207.309
207.84900000000002
210.213
215.773
215.8
216.52700000000002
218.066
218.228
223.637
226.22
226.281
226.79
228.817
229.052
232.068
232.778
233.452
235.735
236.183
239.947
240.665
245.103
245.572
249.221
249.358
251.37900000000002
252.144
252.314
253.722
254.755
255.068
256.39
256.754
266.50600000000003
268.561
268.786
270.169
270.629
271.77
272.166
272.63800000000003
277.867
278.01800000000003
278.571
279.312
285.315
285.645
287.45
288.576
291.574
291.627
292.23
294.88800000000003
305.207
305.726
307.687
308.353
316.283
316.322
319.771
321.523
321.627
321.867
323.916
325.839
326.262
327.482
330.512
334.704
335.369
336.802
339.783
340.493
343.079
343.492
344.284
344.628
347.374
347.645
350.096
351.968
356.87
358.56
359.391
359.868
362.639
364.374
365.558
366.109
367.728
369.707
369.718
371.553
371.944
379.757
381.759
383.201
383.844
385.224
387.814
388.21000000000004
390.056
390.605
391.754
393.36400000000003
393.93600000000004
394.617
396.177
397.409
398.593
398.711
399.52
399.659
406.721
407.559
408.776
409.34000000000003
410.224
410.516
410.94100000000003
415.314
415.803
416.409
419.368
421.88800000000003
422.07800000000003
422.38100000000003
424.266
429.406
434.314
434.37
443.58
444.11
446.782
447.411
448.838
454.094
454.42900000000003
460.375
460.41200000000003
461.457
461.54200000000003
464.427
464.858
466.701
469.16
469.719
471.98
473.47200000000004
473.873
483.425
484.137
487.068
487.541
490.065
490.17400000000004
491.683
491.846
492.272
494.33
497.233
500.522
502.77000000000004
502.95300000000003
503.79900000000004
505.243
505.986
507.48
508.296
513.514
515.535
516.166
516.529
517.481
517.697
518.095
521.484
526.939
527.032
527.701
528.293
531.903
532.193
539.371
540.2620000000001
543.7620000000001
543.996
545.847
548.024
548.236
549.6510000000001
549.968
554.6560000000001
555.1510000000001
555.464
556.721
558.289
559.609
561.736
562.375
562.863
570.106
570.63
572.681
575.159
578.487
578.884
580.2620000000001
580.596
582.905
583.439
584.674
587.357
591.338
591.8340000000001
596.328
597.848
598.551
599.58
604.006
604.14
606.099
608.114
609.205
609.869
611.471
612.3290000000001
615.328
615.49
619.879
620.35
623.211
625.613
625.832
629.266
629.27
629.741
632.547
633.058
635.852
636.207
638.4010000000001
642.141
644.595
645.15
646.253
647.113
651.741
651.869
652.992
653.345
654.587
656.442
657.218
657.937
658.247
662.399
663.457
663.509
669.314
671.8340000000001
672.591
672.749
673.2090000000001
675.595
678.241
678.529
679.407
679.992
680.503
682.87
683.852
686.578
687.402
687.803
688.195
689.487
690.702
691.82
692.251
693.7090000000001
695.83
696.9590000000001
698.232
701.896
705.356
705.4540000000001
708.284
710.811
711.254
711.57
715.979
716.26
720.534
722.125
723.341
723.4110000000001
725.926
726.8340000000001
727.9970000000001
730.8100000000001
730.883
732.995
735.881
735.908
736.789
739.116
743.0070000000001
744.385
745.9780000000001
746.4300000000001
752.7280000000001
753.176
755.505
756.996
757.6460000000001
760.7280000000001
763.004
764.431
765.85
771.582
771.918
773.6370000000001
775.275
776.198
777.386
782.431
782.533
786.028
788.918
789.828
790.075
790.5360000000001
791.614
792.113
795.995
796.363
796.768
805.1370000000001
806.849
807.6560000000001
808.995
809.231
810.222
810.852
811.298
815.058
815.869
820.535
820.775
821.864
822.261
827.558
827.605
828.549
829.327
831.818
833.645
837.0120000000001
839.1
840.261
843.112
844.383
848.113
848.251
851.5690000000001
853.2620000000001
854.198
855.91
856.802
857.59
857.903
864.041
865.466
866.265
868.312
870.082
872.682
875.072
875.373
875.523
877.924
878.428
880.053
880.766
884.532
885.165
888.061
888.3340000000001
889.027
891.455
891.486
893.806
894.2180000000001
896.658
897.27
897.766
898.902
899.269
899.5070000000001
899.958
901.326
902.9590000000001
903.213
903.5120000000001
908.049
908.496
908.779
916.091
916.499
919.501
919.784
920.899
922.891
923.138
926.389
927.7860000000001
930.6370000000001
930.862
932.607
933.568
936.19
937.097
937.499
941.16
944.6990000000001
945.049
945.381
945.577
950.157
952.179
953.342
958.032
958.034
962.706
964.307
964.873
966.171
966.65
972.166
972.562
973.4920000000001
973.955
975.548
977.678
978.172
986.376
986.999
989.08
990.671
991.1
994.4680000000001
995.28
996.03
998.9150000000001
999.542
