1.188
1.883
2.5500000000000003
2.608
3.023
3.24
3.404
3.462
3.466
3.7800000000000002
3.798
3.858
3.869
3.993
4.198
4.366
4.481
4.58
4.647
5.155
5.207
5.436
5.679
6.187
7.063
7.579
9.212
9.644
10.085
10.568
13.797
13.801
14.518
15.25
15.305
17.125
18.169
18.769000000000002
18.852
20.803
21.446
21.715
23.821
24.268
24.397000000000002
25.628
25.983
26.879
27.135
27.582
28.97
29.17
32.406
32.845
35.592
35.899
36.237
36.485
36.883
37.31
37.688
38.154
39.036
41.773
42.266
43.122
44.278
45.715
46.209
46.256
48.687
49.318
49.77
51.237
51.459
51.822
52.120000000000005
52.336
54.97
55.427
55.778
57.378
58.189
58.644
59.312000000000005
59.543
63.196
63.485
64.043
64.51
65.262
67.08800000000001
67.85
67.93900000000001
69.202
69.909
71.94800000000001
72.048
72.46000000000001
72.503
75.236
75.816
78.421
79.261
79.944
80.03
81.575
81.68
83.845
84.158
84.529
84.923
84.992
87.982
88.009
88.265
90.179
90.854
90.878
92.124
92.328
94.143
94.675
95.327
96.81400000000001
97.622
97.659
98.681
99.429
99.781
100.12
100.746
101.699
103.85600000000001
103.928
104.291
104.418
105.614
106.127
108.319
108.925
109.298
110.229
110.956
111.892
111.9
114.97200000000001
115.685
116.132
116.20700000000001
118.06700000000001
120.657
121.294
122.619
122.715
123.31
123.436
123.894
124.07600000000001
124.58200000000001
125.043
125.262
127.253
127.279
127.819
128.053
128.668
128.814
129.333
130.44
130.606
131.637
132.518
133.56300000000002
134.03900000000002
134.131
134.494
134.561
139.129
139.502
139.899
140.126
140.30700000000002
140.547
141.43200000000002
143.178
144.101
144.449
144.63400000000001
145.731
146.208
146.641
149.093
149.218
150.675
151.58100000000002
151.592
152.1
153.102
153.77100000000002
154.005
154.721
155.241
158.471
158.927
159.52700000000002
159.93200000000002
160.151
160.841
161.998
163.683
164.049
164.53
164.623
165.014
165.909
166.406
168.341
168.876
169.992
170.47
170.929
172.185
173.406
173.465
175.897
176.40200000000002
177.018
177.15800000000002
177.44400000000002
177.859
177.915
179.945
180.601
186.716
187.728
188.46
189.768
189.839
190.961
191.785
191.893
193.84
194.354
195.598
196.482
200.379
201.029
201.492
203.457
206.06300000000002
206.519
206.617
208.113
208.504
208.811
210.33100000000002
211.048
211.107
211.61
212.476
214.953
216.776
217.306
217.383
219.302
220.106
222.90800000000002
223.174
223.619
223.622
224.209
226.534
228.16
228.666
229.433
230.018
233.221
233.59900000000002
234.898
235.013
235.36100000000002
235.669
236.341
236.439
236.971
237.19
237.856
240.39600000000002
240.988
242.56900000000002
242.862
243.362
245.89600000000002
246.31300000000002
246.37
249.57500000000002
251.37300000000002
251.701
252.155
252.166
254.281
255.45000000000002
255.953
256.698
257.127
258.262
258.347
258.422
258.874
259.781
261.033
262.12600000000003
263.867
264.217
265.234
267.832
268.435
268.561
268.934
270.192
271.783
273.498
273.912
275.31
275.666
276.128
276.853
277.972
278.152
278.475
280.883
281.908
282.15500000000003
282.72
284.026
285.108
285.628
286.19100000000003
286.544
287.157
287.695
287.814
289.293
289.326
290.057
290.139
293.254
293.302
294.222
294.778
295.264
295.431
296.457
298.576
299.164
299.475
300.869
301.1
301.603
302.831
304.44
308.549
308.648
309.014
310.031
310.887
311.442
311.515
312.947
314.185
314.199
315.315
315.874
316.21
319.479
319.707
321.409
321.798
324.367
324.8
325.053
325.207
325.875
326.043
326.835
327.634
328.061
329.23900000000003
330.779
333.022
333.184
333.56
334.559
334.64
337.684
337.872
337.962
338.749
338.834
339.282
339.475
339.783
340.099
341.737
341.894
343.011
343.447
343.88
345.231
348.63100000000003
348.74
349.225
350.21
350.255
350.663
351.818
352.29
352.387
352.637
352.988
353.088
354.455
355.649
355.684
357.197
358.66700000000003
360.803
360.946
361.915
363.595
365.98900000000003
366.005
367.032
368.273
368.958
369.454
369.628
370.278
371.253
372.39
373.442
373.83
374.258
376.21500000000003
376.327
377.064
377.879
379.866
380.027
380.705
381.521
382.264
382.564
382.991
384.738
385.30400000000003
386.683
387.064
387.45300000000003
387.52
387.979
388.701
389.736
389.985
390.425
391.08
391.419
392.027
392.447
392.819
393.38800000000003
394.29900000000004
395.40000000000003
395.565
395.903
396.312
397.274
397.723
400.305
400.776
402.538
403.29900000000004
403.308
405.128
405.536
405.793
406.394
406.54900000000004
409.194
409.582
411.276
411.694
414.46000000000004
416.034
416.97700000000003
417.574
417.97200000000004
418.707
421.452
422.269
422.399
423.267
423.635
424.822
428.22
428.226
428.628
430.217
430.648
432.27500000000003
433.087
434.07
434.338
434.615
437.332
437.895
438.72
439.846
441.094
441.571
441.615
441.615
442.17900000000003
442.541
442.766
443.672
444.108
446.913
447.245
448.509
450.535
450.701
452.97
453.369
453.916
454.305
457.474
458.206
458.63
458.935
460.22700000000003
460.848
463.229
463.406
463.762
464.927
465.483
469.54
470.761
471.34000000000003
475.527
475.595
476.367
478.249
479.58
479.59000000000003
480.63800000000003
482.09700000000004
482.486
482.704
484.939
485.63
486.092
486.301
487.161
488.32800000000003
488.909
490.599
492.995
494.319
495.909
496.024
498.76300000000003
499.712
500.122
500.13300000000004
500.543
501.725
504.469
504.478
504.724
506.136
506.968
507.31
507.552
508.885
509.48900000000003
509.82
510.563
510.752
511.127
511.776
512.199
512.772
513.424
513.855
513.862
514.102
515.609
516.075
516.14
518.427
518.857
519.049
521.361
521.8050000000001
522.6320000000001
525.618
526.058
526.246
527.744
528.635
535.58
536.4010000000001
537.852
539.582
540.723
541.236
541.259
541.995
542.4010000000001
542.705
543.405
545.128
545.866
546.808
547.587
549.548
550.346
550.712
551.128
553.652
554.179
554.556
554.929
555.7520000000001
556.27
556.564
557.818
558.267
558.4300000000001
559.211
564.622
564.636
564.644
566.274
566.331
567.628
568.58
570.45
570.602
571.2040000000001
572.634
572.673
573.214
573.5020000000001
574.148
574.451
574.908
576.831
578.135
578.692
578.768
579.838
580.7620000000001
581.205
583.0360000000001
583.315
583.828
584.277
584.778
585.324
586.095
586.391
586.559
587.22
588.149
591.085
592.245
592.652
593.267
595.769
596.133
596.335
596.605
597.571
598.9830000000001
601.016
601.429
602.8340000000001
603.473
603.628
604.0020000000001
604.341
604.737
605.47
606.024
607.107
608.601
609.951
611.16
611.379
612.827
612.951
613.761
613.7760000000001
614.246
616.591
616.6
617.145
617.716
619.091
619.396
619.797
620.969
621.064
621.509
621.912
621.913
624.494
627.186
627.862
627.943
630.058
632.311
632.41
632.968
632.988
635.331
635.339
635.79
638.772
639.686
639.999
641.417
641.741
643.647
644.299
644.692
645.039
645.707
646.761
646.919
648.6270000000001
649.179
649.346
650.862
651.035
651.287
653.011
653.464
654.45
655.541
656.427
656.784
657.239
660.005
661.511
662.001
662.2280000000001
663.258
663.765
665.878
666.062
669.083
669.297
669.7
671.224
671.859
672.144
673.487
674.351
674.615
674.876
676.19
679.11
679.538
680.628
680.916
681.142
681.9
683.085
683.109
683.818
684.623
685.447
688.516
688.95
688.971
691.153
691.583
694.595
695.301
695.898
696.258
696.662
697.062
698.106
698.29
701.412
701.703
701.979
703.589
703.864
704.129
707.472
710.059
711.7810000000001
712.521
713.429
714.211
715.884
716.146
717.8820000000001
718.838
719.1
719.6270000000001
719.972
720.355
723.323
725.564
726.222
727.867
729.433
730.035
730.606
733.153
733.674
735.115
735.714
737.428
738.897
739.187
739.505
739.585
740.258
741.02
741.2520000000001
742.6750000000001
742.756
744.881
745.8100000000001
746.135
746.918
747.714
748.091
751.173
751.811
753.111
755.043
756.7620000000001
757.149
757.4060000000001
761.9830000000001
762.069
762.571
763.053
763.289
764.0500000000001
765.251
765.7090000000001
766.819
767.445
768.016
768.481
770.933
771.994
772.238
773.543
774.426
775.474
775.912
776.942
777.246
777.642
777.843
780.402
780.837
781.053
781.694
782.124
784.333
784.745
785.51
785.738
786.229
787.797
789.6750000000001
790.966
792.0210000000001
792.847
793.016
793.803
794.25
794.2520000000001
794.738
795.109
797.5550000000001
798.004
800.9730000000001
801.323
804.465
804.812
805.802
805.9540000000001
806.157
806.732
808.7280000000001
809.171
810.915
810.999
811.491
811.861
812.168
812.6850000000001
813.232
813.8240000000001
814.698
815.876
816.056
816.359
817.206
818.61
819.383
822.6320000000001
823.0840000000001
823.0840000000001
824.659
825.0600000000001
825.3820000000001
825.524
826.492
828.962
828.986
831.12
831.509
831.9200000000001
833.49
834.037
836.104
836.544
837.687
837.801
838.1850000000001
839.0840000000001
839.563
839.593
839.904
840.938
841.971
842.378
844.863
846.109
846.726
846.873
847.116
848.195
849.419
849.839
850.327
852.3870000000001
852.587
853.1320000000001
853.447
854.693
855.04
855.5740000000001
856.905
857.1940000000001
857.772
857.939
859.864
860.3190000000001
862.7760000000001
863.311
864.229
865.25
866.256
867.866
869.075
869.641
870.259
870.416
870.9970000000001
871.618
871.883
871.9730000000001
876.042
877.7570000000001
877.9110000000001
879.361
879.5740000000001
879.969
880.934
881.38
881.761
882.213
883.105
883.672
883.869
884.1700000000001
884.852
885.113
886.049
887.195
887.508
889.213
890.048
890.893
890.992
891.8050000000001
892.2710000000001
893.447
896.0930000000001
896.894
896.957
897.283
898.282
898.364
898.813
899.222
900.1610000000001
900.2570000000001
901.1080000000001
901.4200000000001
901.863
902.501
903.042
903.1800000000001
903.475
905.073
905.909
907.003
908.008
908.256
908.5210000000001
910.313
910.7230000000001
914.415
914.88
915.537
916.068
916.907
917.333
921.178
921.679
921.995
922.235
923.296
923.939
924.189
926.535
926.986
927.044
929.481
930.456
931.4920000000001
932.091
936.1940000000001
936.6320000000001
937.027
938.217
938.691
941.72
942.054
942.664
943.83
944.124
944.9780000000001
945.517
946.12
947.831
948.256
948.8190000000001
949.038
949.171
949.533
950.779
951.158
951.3530000000001
951.624
951.729
952.0980000000001
953.501
954.552
956.582
956.994
957.638
958.212
958.763
959.37
959.708
960.8240000000001
963.135
963.395
963.927
964.561
964.727
966.849
967.0790000000001
967.384
968.311
971.754
971.806
972.624
976.321
976.61
979.267
980.443
980.737
982.7810000000001
983.154
984.274
985.15
985.587
985.931
986.354
986.878
986.892
987.871
988.178
988.77
989.462
989.919
991.346
994.332
994.4540000000001
995.5600000000001
996.519
996.855
997.14
999.938
