200
20.0
70.0
3.0
15.0
1.0 1.0666028964578929
1.0 0.9084928172043115
1.0 1.050147871796185
1.0 1.0835322602230446
1.0 1.0355822818072193
1.0 1.036929097393657
1.0 0.9210254904654573
1.0 0.9961681475107331
1.0 1.0541266373244487
1.0 1.0073636350946162
1.0 0.9990971032483555
1.0 1.147295848299659
1.0 1.1176419560072786
1.0 0.9543362333283636
1.0 0.9908419684143607
1.0 1.0208168950827394
1.0 1.0434079059708328
1.0 1.0855593153665752
1.0 0.8954139199233343
1.0 0.8864056105906234
1.0 0.9739728535113769
1.0 0.9360178913998584
1.0 1.037385702632899
1.0 1.0694386850673399
1.0 0.9958110924056377
1.0 0.895637825251095
1.0 0.8588762865382501
1.0 0.9763946097034839
1.0 0.9849944640388859
1.0 0.9304533421722027
1.0 0.9872566490172325
1.0 1.1372066439389144
1.0 0.9341112404595182
1.0 1.127654096790801
1.0 1.1417979237483777
1.0 1.0286898179624075
1.0 0.9415204663275547
1.0 0.8647162251909196
1.0 1.1241683491746675
1.0 1.0551742211713326
1.0 0.8552605731004485
1.0 1.0320210437208717
1.0 0.9536036369602172
1.0 0.8838634310846245
1.0 1.059536350422088
1.0 1.1269394249514395
1.0 0.8578683948164032
1.0 1.0631987617956786
1.0 0.8716890186869798
1.0 0.8853087747614865
1.0 1.0157940336547098
1.0 1.0926466720583472
1.0 1.081909495766978
1.0 1.1235541518594445
1.0 0.966221666934767
1.0 0.9618384342694943
1.0 0.9166854861212741
1.0 1.0314039458835234
1.0 0.9515965350415513
1.0 0.9358778481316719
1.0 1.0400784245668977
1.0 0.881224994724778
1.0 1.0522532896722996
1.0 1.0318944760563453
1.0 0.9244068436173087
1.0 1.0054510879383585
1.0 0.9895995711017507
1.0 1.1095567021011568
1.0 1.0237681879240197
1.0 1.1384030119615127
1.0 1.1329482622593807
1.0 1.085270519266421
1.0 0.9700614719806094
1.0 1.1229977873933532
1.0 1.035666737434461
1.0 0.8761767470488346
1.0 0.9817788210274578
1.0 1.0464184782791721
1.0 1.051604434001333
1.0 0.9858210012252813
1.0 0.9308142510024155
1.0 0.8917656213839377
1.0 1.0424279348405117
1.0 0.8585076279515295
1.0 1.0518935812702122
1.0 1.075035392035656
1.0 1.0805359399187195
1.0 0.95386037091246
1.0 1.102959834218417
1.0 0.9784686510631208
1.0 0.9806442097089652
1.0 1.1269992686016321
1.0 0.8929539659185205
1.0 1.0923895500266765
1.0 0.8559237553162419
1.0 0.9430051609570858
1.0 1.0859111354550166
1.0 1.1381014303386952
1.0 0.8917433228446516
1.0 1.1069797019768841
1.0 1.0671483908470571
1.0 1.0642319216081664
1.0 1.0616104131232107
1.0 0.8530206115453133
1.0 0.9185498622966903
1.0 0.9881184122100628
1.0 0.9758227893899156
1.0 1.0068185593102217
1.0 0.8955613012122906
1.0 1.092399444086017
1.0 0.9536356473341839
1.0 1.0173438689880703
1.0 1.0284859863697862
1.0 0.9849264751016585
1.0 1.1444173571288292
1.0 0.9432278813039375
1.0 1.0850297229823678
1.0 0.8874349377420073
1.0 1.0923098879285065
1.0 0.9789555280053582
1.0 0.9297730280446448
1.0 1.035112686098189
1.0 1.0423277440582028
1.0 0.9148724167290185
1.0 0.8993540060792733
1.0 0.945278032207333
1.0 0.9236224845912372
1.0 0.9432714845962545
1.0 0.8796260298051621
1.0 1.1488289586586105
1.0 1.0178075645156839
1.0 0.9504609399786416
1.0 1.022909703231576
1.0 0.8729490953604153
1.0 1.0267815153237911
1.0 1.0717268663156816
1.0 0.8796890623600632
1.0 1.1177555943091375
1.0 0.995405217810619
1.0 1.1324908042256905
1.0 1.139707485050182
1.0 0.8831478485892036
1.0 1.019682041620569
1.0 1.054724049295403
1.0 1.0823992204464548
1.0 1.0750655737634018
1.0 0.8807577558197615
1.0 0.9728173802175083
1.0 1.1259478901390862
1.0 0.8526887691181808
1.0 0.9890997445309947
1.0 0.9776164953026941
1.0 1.1379938741688291
1.0 0.96981142380234
1.0 1.1016334878472824
1.0 0.9912202598464462
1.0 1.029117821929412
1.0 1.014694934183027
1.0 0.8874067429335297
1.0 0.9684004025279299
1.0 0.8927081395296074
1.0 0.9631565812412834
1.0 1.0645202475690247
1.0 1.023138296977344
1.0 1.0816756916315664
1.0 0.9294723697551845
1.0 1.1126065126948688
1.0 1.0907859548035477
1.0 1.0237094032847947
1.0 0.928873140666532
1.0 0.8810561988246884
1.0 0.9577451076254726
1.0 0.9723720407627101
1.0 0.9539866234193338
1.0 0.9634848086237208
1.0 0.9213201383587055
1.0 1.071315756257304
1.0 0.9155277709232608
1.0 0.9936000179060956
1.0 0.9825370729088094
1.0 0.973252553820235
1.0 0.9048635458749262
1.0 1.0366733447246663
1.0 1.0242328772844838
1.0 1.104045288705747
1.0 0.9027778189123149
1.0 1.0042373939252758
1.0 0.8856056613283295
1.0 0.9953902833825783
1.0 0.8848361325400598
1.0 1.0074232933588616
1.0 1.1126784992822611
1.0 1.0270430325908544
1.0 0.9591993208576945
1.0 0.8865206424422057
1.0 1.0417659372214234
1.0 0.9213940630281215
1.0 0.9175592242093871
1.0 1.1108852984673772
1.0 0.8600442851052862
