[1    127]
[2    175]
[3    31    86    145    156    171]
[4    ]
[5    21    152]
[6    39    80]
[7    68    77    113]
[8    10    170]
[9    32    48    62    70]
[10    8    75    170]
[11    106]
[12    92    99    104    149    167    200]
[13    139    148    188]
[14    135]
[15    147]
[16    23    107    114    190]
[17    59]
[18    30    38    58    103]
[19    46]
[20    ]
[21    5    54    152]
[22    32    48    70    185]
[23    16    114]
[24    ]
[25    128]
[26    178]
[27    109]
[28    30    58    76]
[29    59    133]
[30    18    28    38    58    103]
[31    3    156]
[32    9    22    48    70    185]
[33    165]
[34    117]
[35    83    116]
[36    100    126]
[37    163]
[38    18    30    58    103    113]
[39    6    44    52    80    94]
[40    99    149]
[41    123]
[42    73]
[43    87    130    160]
[44    39    52    80    94    134]
[45    107    190]
[46    19]
[47    ]
[48    9    22    32    70    185]
[49    ]
[50    194]
[51    60    89]
[52    39    44    81    94    134]
[53    108    150]
[54    21    152]
[55    92    167    200]
[56    90    100    116    126    144    184]
[57    136    145    162    171]
[58    18    28    30    38    103]
[59    17    29]
[60    51    89]
[61    91    186]
[62    9]
[63    97    110    166    179]
[64    107    115    190]
[65    ]
[66    129]
[67    106    168    196]
[68    7    77]
[69    174]
[70    9    22    32    48    185]
[71    ]
[72    133]
[73    42    158]
[74    97    110    142]
[75    10]
[76    28]
[77    7    68    113]
[78    140    154]
[79    ]
[80    6    39    44    94    135]
[81    52    94    134]
[82    191]
[83    35    90    116    184]
[84    91    111    186]
[85    102]
[86    3    95]
[87    43    130    160]
[88    ]
[89    51    60]
[90    56    83    116    144    184]
[91    61    84    186]
[92    12    55    99    104    149    167    200]
[93    95    99]
[94    39    44    52    80    81    134    135]
[95    86    93    171]
[96    ]
[97    63    74    110    142]
[98    ]
[99    12    40    92    93    104    200]
[100    36    56    126    144]
[101    105    159]
[102    85]
[103    18    30    38    58    113]
[104    12    92    99    200]
[105    101    184]
[106    11    67    166    168    196]
[107    16    45    64    190]
[108    53    150]
[109    27    160    169]
[110    63    74    97    166    179]
[111    84    142]
[112    164    177]
[113    7    38    77    103]
[114    16    23]
[115    64    131]
[116    35    56    83    90    184]
[117    34]
[118    122]
[119    178]
[120    ]
[121    172    198]
[122    118]
[123    41    137]
[124    125]
[125    124]
[126    36    56    100    144]
[127    1]
[128    25]
[129    66]
[130    43    87    160]
[131    115]
[132    ]
[133    29    72]
[134    44    52    81    94]
[135    14    80    94]
[136    57    145]
[137    123]
[138    ]
[139    13    143    188]
[140    78]
[141    ]
[142    74    97    111]
[143    139    188]
[144    56    90    100    126    184]
[145    3    57    136    171]
[146    154    182]
[147    15]
[148    13]
[149    12    40    92    167    200]
[150    53    108]
[151    157]
[152    5    21    54]
[153    ]
[154    78    146    182]
[155    ]
[156    3    31]
[157    151]
[158    73]
[159    101    193]
[160    43    87    109    130    169]
[161    ]
[162    57    189]
[163    37]
[164    112    177]
[165    33]
[166    63    106    110    179]
[167    12    55    92    149    200]
[168    67    106    196]
[169    109    160]
[170    8    10]
[171    3    57    95    145]
[172    121    198]
[173    ]
[174    69    176]
[175    2    195]
[176    174]
[177    112    164]
[178    26    119]
[179    63    110    166]
[180    ]
[181    ]
[182    146    154]
[183    ]
[184    56    83    90    105    116    144]
[185    22    32    48    70]
[186    61    84    91]
[187    ]
[188    13    139    143]
[189    162]
[190    16    45    64    107]
[191    82]
[192    ]
[193    159]
[194    50    197]
[195    175]
[196    67    106    168]
[197    194]
[198    121    172]
[199    ]
[200    12    55    92    99    104    149    167]
