[1    194    44]
[2    20    52]
[3    17    6    143]
[4    117    101    121]
[5    82    166    23    55    59]
[6    17    3    101    143]
[7    160    34    66    134    124]
[8    64    73    28    110]
[9    146]
[10    35    140    45    126]
[11    97    151]
[12    130    164    136    90    43]
[13    83    85]
[14    41    57    92]
[15    128    194    162    131    23]
[16    136    90    43]
[17    3    6    143]
[18    195    107]
[19    115    148    91]
[20    65    2    52    53]
[21    120    170    77]
[22    119]
[23    128    80    5    166    55    15]
[24    38]
[25    33    68]
[26    102]
[27    83    85]
[28    64    8    73    110]
[29    112    70    138    62]
[30    193    67    182    199]
[31    84    168    189    142]
[32    160    180    95]
[33    68    25]
[34    7    124]
[35    10    141    126]
[36    177    89]
[37    140    173]
[38    24    187    125]
[39    149    165    106]
[40    69    46]
[41    48    92    14]
[42    114    78]
[43    16    130    136    90    12]
[44    1]
[45    10    126]
[46    69    40    154]
[47    179    152    61]
[48    41]
[49    198]
[50    123]
[51    71    172    158    79]
[52    65    2    20]
[53    65    145    20    174]
[54    98    57    76    157]
[55    128    5    166    23    59]
[56    178    118    171    156]
[57    54    157    14]
[58    149]
[59    5    166    55]
[60    147    155]
[61    176    103    47]
[62    96    146    70    186    29]
[63    163    132    150    184    137    186]
[64    133    8    73    28    110]
[65    52    20    53]
[66    134    7]
[67    193    182    30]
[68    33    25]
[69    40    154    46]
[70    112    29    62]
[71    176    51    103    172    158]
[72    78]
[73    64    8    28    110]
[74    193    199    111]
[75    147    116    135    153]
[76    98    54    157]
[77    21]
[78    72    42]
[79    51    172    158]
[80    128    178    194    23]
[81    167    183]
[82    178    5    118    166    171]
[83    27    13]
[84    168    105    189    142    31]
[85    27    13]
[86    ]
[87    140    173]
[88    164]
[89    36    167    183    108]
[90    16    130    136    43    12]
[91    19    148]
[92    41    14]
[93    153]
[94    144    127]
[95    160    32    180]
[96    186    62]
[97    151    187    11    125]
[98    54    76    157]
[99    113]
[100    ]
[101    4    117    6    121    143]
[102    26]
[103    176    71    61]
[104    144    127]
[105    196    84    168    170    189]
[106    149    165    39    109]
[107    18    195]
[108    183    89]
[109    149    165    106]
[110    64    133    8    73    28]
[111    197    199    74]
[112    70    138    29]
[113    99]
[114    42    159]
[115    19    148]
[116    153    75]
[117    4    101    121]
[118    178    82    56    200    171]
[119    22]
[120    21    181    168    170    189    190    175]
[121    4    117    101    143]
[122    151]
[123    50]
[124    34    134    7]
[125    97    38    187]
[126    35    10    45    141]
[127    144    104    94]
[128    80    194    23    55    15]
[129    191]
[130    90    43    12]
[131    194    162    169    15]
[132    163    150    185    137    155    63]
[133    64    110]
[134    66    7    124]
[135    163    184    153    75]
[136    16    90    43    12]
[137    163    132    150    185    155    63]
[138    112    146    29]
[139    144    182]
[140    37    87    10    173]
[141    35    196    170    126]
[142    84    168    189    31]
[143    17    3    101    6    121]
[144    104    139    94    127]
[145    53    174]
[146    9    138    62]
[147    75    155    60]
[148    115    19    91]
[149    165    39    58    106    109]
[150    163    132    184    137    63]
[151    97    122    11]
[152    179    47]
[153    163    116    135    75    93]
[154    69    46]
[155    147    132    185    137    60]
[156    56    157]
[157    98    54    57    156    76]
[158    51    71    172    79]
[159    114]
[160    32    180    7    95]
[161    192    198]
[162    131    169    15]
[163    132    150    135    184    153    137    63]
[164    88    12]
[165    149    39    106    109]
[166    82    5    23    55    59]
[167    81    89]
[168    84    120    105    189    142    31]
[169    162    131]
[170    196    21    120    105    141]
[171    178    82    118    56    200]
[172    51    71    158    79]
[173    37    87    140]
[174    145    53]
[175    181    120    190]
[176    103    71    61]
[177    36]
[178    80    82    118    56    171]
[179    152    47]
[180    160    32    95]
[181    120    190    175]
[182    67    139    30]
[183    81    89    108]
[184    163    150    135    63]
[185    132    137    155]
[186    96    62    63]
[187    97    38    125]
[188    192    198]
[189    84    120    168    105    142    31]
[190    181    120    175]
[191    129]
[192    161    198    188]
[193    67    74    30]
[194    80    128    1    131    15]
[195    18    107]
[196    105    170    141]
[197    111]
[198    192    49    161    188]
[199    74    30    111]
[200    118    171]
