[1    44    194]
[2    20    52]
[3    6    17    143]
[4    101    117    121]
[5    23    55    59    82    166]
[6    3    17    101    143]
[7    34    66    124    134    160]
[8    28    64    73    110]
[9    146]
[10    35    45    126    140]
[11    97    151]
[12    43    90    130    136    164]
[13    83    85]
[14    41    57    92]
[15    23    128    131    162    194]
[16    43    90    136]
[17    3    6    143]
[18    107    195]
[19    91    115    148]
[20    2    52    53    65]
[21    77    120    170]
[22    119]
[23    5    15    55    80    128    166]
[24    38]
[25    33    68]
[26    102]
[27    83    85]
[28    8    64    73    110]
[29    62    70    112    138]
[30    67    182    193    199]
[31    84    142    168    189]
[32    95    160    180]
[33    25    68]
[34    7    124]
[35    10    126    141]
[36    89    177]
[37    140    173]
[38    24    125    187]
[39    106    149    165]
[40    46    69]
[41    14    48    92]
[42    78    114]
[43    12    16    90    130    136]
[44    1]
[45    10    126]
[46    40    69    154]
[47    61    152    179]
[48    41]
[49    198]
[50    123]
[51    71    79    158    172]
[52    2    20    65]
[53    20    65    145    174]
[54    57    76    98    157]
[55    5    23    59    128    166]
[56    118    156    171    178]
[57    14    54    157]
[58    149]
[59    5    55    166]
[60    147    155]
[61    47    103    176]
[62    29    70    96    146    186]
[63    132    137    150    163    184    186]
[64    8    28    73    110    133]
[65    20    52    53]
[66    7    134]
[67    30    182    193]
[68    25    33]
[69    40    46    154]
[70    29    62    112]
[71    51    103    158    172    176]
[72    78]
[73    8    28    64    110]
[74    111    193    199]
[75    116    135    147    153]
[76    54    98    157]
[77    21]
[78    42    72]
[79    51    158    172]
[80    23    128    178    194]
[81    167    183]
[82    5    118    166    171    178]
[83    13    27]
[84    31    105    142    168    189]
[85    13    27]
[86    ]
[87    140    173]
[88    164]
[89    36    108    167    183]
[90    12    16    43    130    136]
[91    19    148]
[92    14    41]
[93    153]
[94    127    144]
[95    32    160    180]
[96    62    186]
[97    11    125    151    187]
[98    54    76    157]
[99    113]
[100    ]
[101    4    6    117    121    143]
[102    26]
[103    61    71    176]
[104    127    144]
[105    84    168    170    189    196]
[106    39    109    149    165]
[107    18    195]
[108    89    183]
[109    106    149    165]
[110    8    28    64    73    133]
[111    74    197    199]
[112    29    70    138]
[113    99]
[114    42    159]
[115    19    148]
[116    75    153]
[117    4    101    121]
[118    56    82    171    178    200]
[119    22]
[120    21    168    170    175    181    189    190]
[121    4    101    117    143]
[122    151]
[123    50]
[124    7    34    134]
[125    38    97    187]
[126    10    35    45    141]
[127    94    104    144]
[128    15    23    55    80    194]
[129    191]
[130    12    43    90]
[131    15    162    169    194]
[132    63    137    150    155    163    185]
[133    64    110]
[134    7    66    124]
[135    75    153    163    184]
[136    12    16    43    90]
[137    63    132    150    155    163    185]
[138    29    112    146]
[139    144    182]
[140    10    37    87    173]
[141    35    126    170    196]
[142    31    84    168    189]
[143    3    6    17    101    121]
[144    94    104    127    139]
[145    53    174]
[146    9    62    138]
[147    60    75    155]
[148    19    91    115]
[149    39    58    106    109    165]
[150    63    132    137    163    184]
[151    11    97    122]
[152    47    179]
[153    75    93    116    135    163]
[154    46    69]
[155    60    132    137    147    185]
[156    56    157]
[157    54    57    76    98    156]
[158    51    71    79    172]
[159    114]
[160    7    32    95    180]
[161    192    198]
[162    15    131    169]
[163    63    132    135    137    150    153    184]
[164    12    88]
[165    39    106    109    149]
[166    5    23    55    59    82]
[167    81    89]
[168    31    84    105    120    142    189]
[169    131    162]
[170    21    105    120    141    196]
[171    56    82    118    178    200]
[172    51    71    79    158]
[173    37    87    140]
[174    53    145]
[175    120    181    190]
[176    61    71    103]
[177    36]
[178    56    80    82    118    171]
[179    47    152]
[180    32    95    160]
[181    120    175    190]
[182    30    67    139]
[183    81    89    108]
[184    63    135    150    163]
[185    132    137    155]
[186    62    63    96]
[187    38    97    125]
[188    192    198]
[189    31    84    105    120    142    168]
[190    120    175    181]
[191    129]
[192    161    188    198]
[193    30    67    74]
[194    1    15    80    128    131]
[195    18    107]
[196    105    141    170]
[197    111]
[198    49    161    188    192]
[199    30    74    111]
[200    118    171]
